image_width: 480
image_height: 640
camera_name: hololens2_vlc_left_front
camera_matrix:
  rows: 3
  cols: 3
  data: [3.5546078907137604e+02, 0., 2.4732667663873917e+02, 0., 3.5566546204469995e+02, 3.0944267976890933e+02, 0., 0., 1.]
distortion_model: plumb_bob
distortion_coefficients:
  rows: 1
  cols: 5
  data: [-4.0319107318308754e-02, 3.9133825587794428e-02, -5.7805995552754328e-04, 2.0527342820062314e-03, -1.7477021036175634e-02]
rectification_matrix:
  rows: 3
  cols: 3
  data: [9.9708742716676824e-01, -1.6369864143789430e-02, -7.4489530364129489e-02, 1.6377058950661789e-02, 9.9986575472744210e-01, -5.1426009876287906e-04, 7.4487948864774362e-02, -7.0715715121045402e-04, 9.9722166312344129e-01]
projection_matrix:
  rows: 3
  cols: 4
  data: [3.3752747042234040e+02, 0., 2.7425400352478027e+02, 0., 0., 3.3752747042234040e+02, 3.0842951202392578e+02, 0., 0., 0., 1., 0.]
