image_width: 480
image_height: 640
camera_name: hololens2_vlc_right_front
camera_matrix:
  rows: 3
  cols: 3
  data: [3.5844414246764109e+02, 0., 2.2911812604451185e+02, 0., 3.5835127554560898e+02, 3.0969993273120690e+02, 0., 0., 1.]
distortion_model: plumb_bob
distortion_coefficients:
  rows: 1
  cols: 5
  data: [-3.5175466700828988e-02, 3.5294897759171648e-02, -1.4836195519143409e-03, -5.4463470326710497e-03, -1.5602745758571184e-02]
rectification_matrix:
  rows: 3
  cols: 3
  data: [9.9723556745442665e-01, 2.5762233959206000e-03, -7.4260259068104170e-02, -2.5833958559937920e-03, 9.9999666302721690e-01, -5.3101455114681244e-07, 7.4260009895628698e-02, 1.9237319213880386e-04, 9.9723889511132480e-01]
projection_matrix:
  rows: 3
  cols: 4
  data: [3.3752747042234040e+02, 0., 2.7425400352478027e+02, -3.3457688326311889e+01, 0., 3.3752747042234040e+02, 3.0842951202392578e+02, 0., 0., 0., 1., 0.] 
