%YAML:1.0
K1: !!opencv-matrix
   rows: 3
   cols: 3
   dt: d
   data: [ 3.5546078907137604e+02, 0., 2.4732667663873917e+02, 0.,
       3.5566546204469995e+02, 3.0944267976890933e+02, 0., 0., 1. ]
K2: !!opencv-matrix
   rows: 3
   cols: 3
   dt: d
   data: [ 3.5844414246764109e+02, 0., 2.2911812604451185e+02, 0.,
       3.5835127554560898e+02, 3.0969993273120690e+02, 0., 0., 1. ]
D1: !!opencv-matrix
   rows: 1
   cols: 5
   dt: d
   data: [ -4.0319107318308754e-02, 3.9133825587794428e-02,
       -5.7805995552754328e-04, 2.0527342820062314e-03,
       -1.7477021036175634e-02 ]
D2: !!opencv-matrix
   rows: 1
   cols: 5
   dt: d
   data: [ -3.5175466700828988e-02, 3.5294897759171648e-02,
       -1.4836195519143409e-03, -5.4463470326710497e-03,
       -1.5602745758571184e-02 ]
R: !!opencv-matrix
   rows: 3
   cols: 3
   dt: d
   data: [ 9.9982021362590301e-01, -1.8960173302948309e-02,
       -2.2858997299636904e-04, 1.8960053743011053e-02,
       9.9982010973755797e-01, -5.1432133896124502e-04,
       2.3830047360624563e-04, 5.0989479281946751e-04,
       9.9999984161007971e-01 ]
T: [ -9.8851796453941584e-02, -2.5537026462412111e-04,
    7.3611093041491471e-03 ]
E: !!opencv-matrix
   rows: 3
   cols: 3
   dt: d
   data: [ -1.3962788286985139e-04, -7.3599153242327325e-03,
       -2.5158424858249515e-04, 7.3833423069098250e-03,
       -8.9163891835898358e-05, 9.8850098121036359e-02,
       -1.6189110208297297e-03, -9.8838855842808312e-02,
       5.0783213229021182e-05 ]
F: !!opencv-matrix
   rows: 3
   cols: 3
   dt: d
   data: [ -5.1705105083272453e-07, -2.7238557016049624e-05,
       8.2254937030644855e-03, 2.7348077933412158e-05,
       -3.3007514927938739e-07, 1.2348776203306466e-01,
       -1.0500080340653438e-02, -1.2477437307237532e-01, 1. ]
R1: !!opencv-matrix
   rows: 3
   cols: 3
   dt: d
   data: [ 9.9708742716676824e-01, -1.6369864143789430e-02,
       -7.4489530364129489e-02, 1.6377058950661789e-02,
       9.9986575472744210e-01, -5.1426009876287906e-04,
       7.4487948864774362e-02, -7.0715715121045402e-04,
       9.9722166312344129e-01 ]
R2: !!opencv-matrix
   rows: 3
   cols: 3
   dt: d
   data: [ 9.9723556745442665e-01, 2.5762233959206000e-03,
       -7.4260259068104170e-02, -2.5833958559937920e-03,
       9.9999666302721690e-01, -5.3101455114681244e-07,
       7.4260009895628698e-02, 1.9237319213880386e-04,
       9.9723889511132480e-01 ]
P1: !!opencv-matrix
   rows: 3
   cols: 4
   dt: d
   data: [ 3.3752747042234040e+02, 0., 2.7425400352478027e+02, 0., 0.,
       3.3752747042234040e+02, 3.0842951202392578e+02, 0., 0., 0., 1.,
       0. ]
P2: !!opencv-matrix
   rows: 3
   cols: 4
   dt: d
   data: [ 3.3752747042234040e+02, 0., 2.7425400352478027e+02,
       -3.3457688326311889e+01, 0., 3.3752747042234040e+02,
       3.0842951202392578e+02, 0., 0., 0., 1., 0. ]
Q: !!opencv-matrix
   rows: 4
   cols: 4
   dt: d
   data: [ 1., 0., 0., -2.7425400352478027e+02, 0., 1., 0.,
       -3.0842951202392578e+02, 0., 0., 0., 3.3752747042234040e+02, 0.,
       0., 1.0088188613942616e+01, 0. ]
