%YAML:1.0
K1: !!opencv-matrix
   rows: 3
   cols: 3
   dt: d
   data: [ 3.5560949396111386e+02, 0., 2.4744824196481957e+02, 0.,
       3.5586480440919956e+02, 3.0937731819702373e+02, 0., 0., 1. ]
K2: !!opencv-matrix
   rows: 3
   cols: 3
   dt: d
   data: [ 3.5906627739354792e+02, 0., 2.2895661610765450e+02, 0.,
       3.5894860994349460e+02, 3.1003921946135910e+02, 0., 0., 1. ]
D1: !!opencv-matrix
   rows: 1
   cols: 5
   dt: d
   data: [ -4.6311276329650902e-02, 5.4232834014853355e-02,
       -5.8516923613526268e-04, 2.1999468169576820e-03,
       -2.9867225491255651e-02 ]
D2: !!opencv-matrix
   rows: 1
   cols: 5
   dt: d
   data: [ -3.5204699429666163e-02, 3.6698134616475295e-02,
       -1.3624008463290615e-03, -5.3965573112725092e-03,
       -1.6187330214022775e-02 ]
R: !!opencv-matrix
   rows: 3
   cols: 3
   dt: d
   data: [ 9.9982723651408334e-01, -1.8557156027630924e-02,
       1.0625840095439354e-03, 1.8558989005509507e-02,
       9.9982624966401945e-01, -1.7419557615417902e-03,
       -1.0300736403551097e-03, 1.7613753001426687e-03,
       9.9999791825050688e-01 ]
T: [ -9.9283430057570454e-02, -2.2262867633287322e-04,
    8.7369861149218190e-03 ]
E: !!opencv-matrix
   rows: 3
   cols: 3
   dt: d
   data: [ -1.6192030531704562e-04, -8.7358601933004900e-03,
       -2.0740876957434044e-04, 8.6332074385178561e-03,
       1.2741766870997699e-05, 9.9292507156077583e-02,
       -1.6200098726410373e-03, -9.9270310883323595e-02,
       1.7318390468595344e-04 ]
F: !!opencv-matrix
   rows: 3
   cols: 3
   dt: d
   data: [ -5.6216187803719383e-07, -3.0307775512609784e-05,
       9.2595731932499752e-03, 2.9982966321958224e-05,
       4.4220167660189422e-08, 1.1519582097003167e-01,
       -1.1186724321382534e-02, -1.1673828740100796e-01, 1. ]
R1: !!opencv-matrix
   rows: 3
   cols: 3
   dt: d
   data: [ 9.9610747580228576e-01, -1.6406746506899848e-02,
       -8.6606670181095954e-02, 1.6366130160717487e-02,
       9.9986537075687187e-01, -1.1790440133301638e-03,
       8.6614354666886828e-02, -2.4296148099203492e-04,
       9.9624188555559012e-01 ]
R2: !!opencv-matrix
   rows: 3
   cols: 3
   dt: d
   data: [ 9.9614782049439865e-01, 2.2337168506360761e-03,
       -8.7661452379541066e-02, -2.1926078340431740e-03,
       9.9999743648499528e-01, 5.6523828938892127e-04,
       8.7662490240384208e-02, -3.7085370280376634e-04,
       9.9615016451957972e-01 ]
P1: !!opencv-matrix
   rows: 3
   cols: 4
   dt: d
   data: [ 3.3504284022241865e+02, 0., 2.8107175827026367e+02, 0., 0.,
       3.3504284022241865e+02, 3.0813267517089844e+02, 0., 0., 0., 1.,
       0. ]
P2: !!opencv-matrix
   rows: 3
   cols: 4
   dt: d
   data: [ 3.3504284022241865e+02, 0., 2.8107175827026367e+02,
       -3.3392837598141689e+01, 0., 3.3504284022241865e+02,
       3.0813267517089844e+02, 0., 0., 0., 1., 0. ]
Q: !!opencv-matrix
   rows: 4
   cols: 4
   dt: d
   data: [ 1., 0., 0., -2.8107175827026367e+02, 0., 1., 0.,
       -3.0813267517089844e+02, 0., 0., 0., 3.3504284022241865e+02, 0.,
       0., 1.0033374349745699e+01, 0. ]
